col1|col2|col3|col4|col5|col6|col7|col8|col9|col10|col11|col12|col13|col14|col15|col16|col17|col18|col19|col20|col21|col22|col23|col24|col25|col26|col27|col28|col29|col30|col31|col32|col33|col34|col35|col36|col37|col38|col39|col40|col41|col42|col43|col44|col45|col46|col47|col48|col49|col50|col51|col52|col53|col54|col55|col56|col57|col58|col59|col60|col61|col62|col63|col64|col65|col66|col67|col68|col69|col70|col71|col72|col73|col74|col75|col76|col77|col78|col79|col80|col81|col82|col83|col84|col85|col86|col87|col88|col89|col90|col91|col92|col93|col94|col95|col96|col97|col98|col99|col100|col101|col102|col103|col104|col105|col106|col107|col108|col109|col110|col111|col112|col113|col114|col115|col116|col117|col118|col119|col120|col121|col122|col123|col124|col125|col126|col127|col128|col129|col130|col131|col132|col133|col134|col135|col136|col137|col138|col139|col140|col141|col142|col143|col144|col145|col146|col147|col148|col149|col150
85|50|77|13|1|46|5|10|24|3|79|39|57|77|81|46|81|88|35|92|31|95|31|4|5|10|34|37|46|74|31|15|87|7|65|6|52|93|56|20|81|78|88|20|7|17|87|50|17|66|75|39|95|78|60|3|7|77|85|54|30|17|10|87|6|18|47|95|45|94|52|66|85|43|62|64|47|8|21|48|28|30|11|11|22|95|45|27|26|64|79|82|29|41|92|67|70|48|57|72|10|86|3|14|24|1|87|75|48|70|46|3|37|21|56|70|31|9|92|77|31|13|30|97|32|7|7|64|24|20|94|10|69|27|31|31|29|58|55|4|7|92|98|25|57|100|84|49|56|90
66|28|19|24|70|2|21|9|24|68|12|78|77|60|11|57|85|1|87|55|52|77|49|30|71|66|47|49|28|5|41|84|97|25|4|10|91|11|43|70|83|79|84|71|31|41|90|29|63|36|58|45|47|15|79|65|63|24|24|37|81|1|81|28|26|62|83|10|75|67|15|34|17|38|20|57|65|70|10|1|60|69|54|84|96|46|55|52|55|67|44|60|59|44|33|46|80|2|11|58|11|5|69|38|31|29|56|60|56|51|9|67|64|51|59|38|64|75|41|90|96|90|26|3|36|92|5|56|43|47|21|71|4|56|51|25|25|9|19|77|37|93|71|3|19|93|6|57|69|49
8|67|99|23|89|35|31|30|43|68|35|77|46|22|72|94|61|56|31|61|94|92|39|82|57|50|81|38|99|78|39|74|76|27|57|78|87|8|37|6|21|100|98|31|15|59|95|78|71|81|60|75|43|72|64|18|15|61|48|62|74|72|64|70|64|95|28|35|26|94|43|33|22|61|56|89|99|40|64|95|43|47|28|95|19|96|68|93|65|8|10|57|69|67|11|99|93|86|73|38|47|31|72|68|2|34|34|39|19|34|62|71|85|20|88|71|82|14|97|91|71|51|37|37|34|52|39|12|53|15|15|44|74|16|30|16|18|77|37|77|95|81|25|66|94|9|36|55|95|87
23|88|12|100|74|9|88|93|37|96|51|49|93|77|90|73|94|48|59|98|38|31|38|98|68|18|39|64|42|98|45|6|49|58|67|94|39|67|5|14|69|94|19|100|30|13|2|13|68|42|77|9|37|24|97|2|32|92|38|4|91|94|3|40|8|33|57|28|83|87|25|10|95|85|45|98|72|52|6|73|93|39|50|14|73|72|48|6|30|39|77|41|66|9|69|74|17|38|23|81|44|72|55|98|89|37|41|75|17|83|87|40|54|17|63|4|69|23|28|16|84|44|21|34|81|99|98|36|65|73|78|67|58|15|74|86|45|96|34|89|16|26|19|88|60|95|78|44|51|77
70|99|22|55|73|18|76|6|83|90|76|66|90|83|88|87|42|100|39|85|86|25|79|46|6|26|62|92|88|33|18|33|11|85|62|71|32|21|70|87|42|51|11|66|62|85|1|14|18|40|88|80|87|96|96|52|71|66|10|18|98|84|87|63|1|79|94|90|62|40|61|23|48|37|85|3|95|97|95|30|80|93|7|84|82|49|10|90|81|95|19|58|82|22|20|75|23|36|64|27|73|50|68|43|31|47|21|91|37|1|29|27|79|39|77|45|39|36|99|6|76|82|37|39|57|64|78|36|6|73|92|34|37|12|3|7|13|28|76|14|34|54|99|5|34|63|31|68|21|40
1|6|89|19|86|79|56|30|3|7|50|44|80|87|23|50|41|71|79|59|12|32|49|98|41|49|1|98|70|54|70|55|99|52|41|78|79|39|94|63|34|16|38|15|55|78|53|81|11|51|99|51|2|48|28|37|18|62|55|51|2|5|46|14|1|44|86|89|63|25|85|23|85|24|19|16|27|65|57|10|67|14|27|31|79|34|79|4|10|36|93|60|44|84|45|72|44|80|45|33|36|45|61|24|96|57|68|50|9|66|17|12|80|54|34|54|99|63|56|55|42|43|74|36|2|30|90|97|7|66|46|90|17|3|85|45|36|94|35|2|46|48|48|43|67|70|31|20|94|8
35|19|68|99|84|75|4|50|22|50|80|38|20|79|42|12|30|86|97|23|69|44|6|79|8|80|24|91|27|96|11|4|23|27|74|23|43|73|26|68|20|55|54|17|93|28|1|32|75|99|90|6|58|59|97|84|46|10|64|95|29|83|62|27|39|60|95|92|4|87|47|36|35|52|50|11|20|59|64|62|94|41|74|72|53|51|3|21|86|33|54|35|31|39|30|3|8|42|45|4|8|89|28|39|75|7|53|94|73|92|26|73|48|94|77|35|32|25|7|61|19|26|10|37|18|24|3|56|15|20|74|32|68|54|95|31|42|57|6|30|62|1|24|69|5|34|73|98|49|15
19|76|33|96|86|77|10|1|11|43|22|72|35|82|90|58|54|2|81|57|72|100|76|46|95|9|43|26|73|65|52|6|79|28|67|41|83|12|60|10|44|51|88|47|80|75|39|40|51|44|10|77|21|50|17|48|80|11|45|8|72|68|48|16|82|17|28|85|4|67|71|87|41|56|53|71|74|23|96|20|29|12|88|100|99|49|37|3|92|53|56|46|40|13|16|12|67|9|95|24|97|68|81|77|78|3|18|62|1|48|67|14|55|2|34|95|33|5|11|36|2|9|33|28|86|26|25|24|43|37|93|7|12|64|75|45|98|42|21|21|1|2|2|18|66|81|22|85|41|40
53|88|80|7|21|55|32|38|53|40|89|80|53|8|88|93|42|21|95|14|10|86|73|37|42|2|51|74|89|36|76|89|89|69|28|2|20|15|31|76|6|82|55|79|18|14|74|79|33|63|10|28|32|100|99|33|66|74|8|28|65|25|34|30|89|50|78|96|70|40|36|49|44|91|32|15|52|1|1|48|77|30|56|8|30|38|36|17|15|95|5|95|79|25|75|46|14|74|17|84|72|1|25|56|5|45|92|22|4|35|67|68|96|13|97|19|54|90|79|62|62|80|58|27|67|36|17|15|91|34|49|31|53|25|22|90|53|63|25|74|73|20|90|41|30|54|40|82|95|52
15|30|26|56|83|44|15|76|11|77|98|55|51|82|41|83|39|58|74|53|8|100|8|9|84|20|33|80|37|98|6|34|27|19|29|82|77|68|88|64|12|61|42|14|20|53|38|30|55|70|36|43|41|15|1|78|20|54|75|100|91|45|73|84|31|2|38|64|32|29|9|34|58|89|40|46|64|43|44|28|4|25|43|46|20|66|78|28|49|50|51|44|10|4|55|39|99|19|5|41|72|6|38|77|52|67|98|14|33|30|55|46|53|20|64|31|33|33|76|39|72|87|30|58|4|65|26|86|37|99|18|67|100|26|66|70|97|28|6|34|96|21|28|18|33|46|23|78|37|10
78|36|5|59|39|92|72|74|85|41|19|47|4|62|82|20|33|11|86|41|93|77|18|57|19|36|69|2|18|58|99|18|7|66|52|54|27|4|23|92|31|4|65|29|19|7|17|30|49|33|68|74|19|98|90|59|96|48|84|29|95|34|18|53|1|88|39|71|43|77|34|61|81|69|8|70|22|8|72|100|71|18|15|75|22|62|17|82|5|68|10|45|19|53|82|8|41|38|37|10|88|52|93|34|19|48|66|60|83|21|76|13|80|61|94|59|91|25|45|72|56|30|93|94|10|22|63|32|91|3|100|55|82|4|100|48|51|56|74|97|90|18|24|27|61|64|63|20|58|81
34|96|66|31|57|53|93|72|30|17|96|50|69|60|41|20|13|39|14|64|17|32|77|10|95|18|85|76|100|40|97|80|60|24|28|39|14|3|36|41|48|72|100|71|54|41|70|43|65|69|20|28|47|95|64|100|14|88|93|57|91|13|18|5|4|72|19|69|57|23|68|83|25|10|7|58|63|92|22|41|87|87|55|80|40|99|32|37|7|99|23|13|90|6|25|11|50|23|94|26|14|24|39|82|81|31|12|78|60|41|73|78|94|74|99|62|96|76|89|40|32|86|86|100|18|14|97|12|94|95|88|47|94|14|52|31|14|70|43|63|54|31|7|59|14|36|48|98|35|51
45|30|7|52|81|57|66|10|11|63|81|34|89|3|32|69|76|9|93|25|43|45|63|42|38|72|51|96|9|74|3|1|45|76|26|81|63|37|36|87|15|69|5|30|85|87|65|92|91|84|76|82|97|99|6|16|7|72|1|94|76|3|97|11|29|69|6|36|64|93|43|91|12|16|4|88|75|18|78|23|66|59|60|59|90|88|77|100|70|32|62|85|91|7|33|24|80|23|80|78|58|23|1|86|52|40|44|30|61|65|7|30|20|17|64|61|68|64|77|5|14|20|65|22|100|26|60|69|80|27|47|54|23|93|9|32|13|96|50|13|25|86|21|85|33|38|35|62|53|92
1|15|99|23|56|45|43|55|43|42|63|18|61|17|46|23|86|50|87|56|8|63|43|41|12|67|57|19|90|49|76|61|21|4|6|97|78|76|92|65|69|36|95|50|41|1|68|33|97|76|19|8|24|54|10|97|7|56|21|32|94|62|70|84|28|70|89|82|40|87|2|71|15|75|80|87|4|97|81|59|88|12|59|3|70|42|70|88|30|69|90|21|87|6|49|23|52|50|95|3|63|100|18|9|86|81|72|91|48|7|100|35|67|13|13|84|50|48|24|3|84|82|33|19|12|43|50|68|82|52|14|19|53|70|47|96|49|14|78|20|8|74|72|91|46|62|76|57|1|36
40|7|63|37|41|53|35|37|97|85|11|57|43|23|3|84|85|51|43|64|33|52|95|25|39|5|30|39|45|98|74|92|83|39|60|50|65|76|49|2|9|11|25|84|72|20|16|94|26|4|70|38|100|31|13|40|32|59|74|95|51|10|26|99|56|75|21|79|35|34|8|87|28|41|9|64|30|46|16|29|7|51|20|16|42|48|54|29|53|32|37|81|55|99|25|43|63|68|36|40|21|38|16|62|52|66|75|39|85|37|83|63|90|29|19|31|21|15|49|50|91|50|39|21|59|73|71|26|93|17|85|92|50|25|34|87|96|85|9|21|16|60|44|43|1|35|99|88|19|47
16|4|8|40|59|90|26|60|62|58|68|82|41|71|72|11|19|66|72|10|79|69|26|46|91|70|90|66|2|4|71|4|10|34|82|35|22|64|74|39|100|21|19|2|4|78|89|44|62|87|31|15|77|69|4|7|79|31|40|88|40|86|36|69|4|17|74|37|4|5|12|55|90|46|15|64|14|53|90|96|94|11|97|21|50|58|77|56|64|52|37|76|11|89|91|51|30|26|10|41|83|55|43|95|78|96|75|35|98|44|28|53|99|57|42|18|15|36|23|96|66|66|47|20|23|15|49|56|98|65|88|82|31|63|84|61|71|61|47|43|84|46|25|59|49|99|11|53|48|60
19|8|89|21|90|91|73|15|65|19|98|10|67|64|51|11|97|81|6|67|60|88|76|48|68|91|61|91|2|32|41|41|92|18|12|13|72|82|98|6|97|44|34|70|51|90|92|93|8|53|39|94|12|41|6|50|4|43|34|21|87|64|73|30|89|25|89|89|6|10|90|75|67|80|36|75|8|66|35|69|14|94|85|71|97|39|62|21|47|59|67|56|35|69|48|74|90|18|22|4|53|46|43|26|60|29|11|21|29|26|92|26|14|51|36|8|50|3|14|66|90|8|50|51|33|62|64|50|5|71|53|89|90|21|3|35|45|68|74|21|92|22|76|1|86|60|58|56|28|64
100|1|40|22|18|31|80|12|39|99|26|26|98|72|45|70|24|44|72|65|19|60|58|33|36|80|42|40|51|86|44|1|40|84|37|29|27|1|83|51|1|38|52|3|25|66|37|74|43|2|29|81|62|74|51|61|66|67|5|19|51|50|94|35|36|91|92|69|39|44|68|85|73|5|56|18|42|85|45|85|53|58|26|55|1|16|17|44|18|37|33|80|15|49|83|73|48|8|45|37|14|6|47|12|74|9|21|55|21|11|21|30|90|64|55|76|87|10|82|28|21|46|25|6|76|6|32|97|65|70|49|77|87|84|91|40|44|38|98|49|77|34|62|13|27|1|71|48|8|62
89|41|50|36|13|77|16|51|76|32|92|41|86|48|12|83|6|30|38|44|16|82|30|26|7|88|13|82|89|99|19|65|99|75|93|69|72|32|7|40|69|14|53|65|14|56|35|17|76|60|100|43|80|90|35|24|64|89|21|18|98|42|98|82|56|27|10|10|74|8|3|2|1|93|58|6|12|37|83|32|39|79|66|52|26|47|92|54|20|61|13|74|96|80|4|44|72|18|40|5|41|38|18|51|74|96|42|75|55|56|46|92|20|82|56|75|43|75|65|46|91|5|10|2|26|59|31|78|61|47|60|100|25|50|92|12|46|34|83|59|25|49|57|84|87|21|84|18|84|27
61|38|38|38|4|53|3|24|95|6|67|72|42|30|75|24|34|67|31|12|48|18|60|59|36|25|77|88|52|100|79|83|98|1|2|89|1|79|95|89|99|97|44|11|54|32|42|55|18|23|43|77|87|40|84|5|75|21|90|55|38|27|50|4|29|88|82|79|87|94|28|9|21|39|44|26|98|35|71|12|34|41|74|83|71|81|22|52|26|23|18|10|23|35|100|82|19|44|49|62|27|82|86|96|78|21|7|38|94|31|49|44|4|52|19|7|87|12|80|2|78|76|28|33|89|44|86|76|64|91|58|89|52|5|10|76|69|43|12|77|45|80|36|95|72|7|18|60|69|53
45|38|51|26|37|71|87|19|89|14|72|23|86|39|54|32|48|31|75|11|60|83|23|99|45|26|69|46|85|93|86|6|56|31|73|49|87|9|89|6|67|33|11|58|72|47|32|49|89|21|59|84|68|73|57|100|31|88|58|27|72|4|44|7|59|80|30|67|17|51|41|83|21|36|18|51|5|67|53|36|62|85|68|48|57|6|13|27|41|94|60|17|3|30|87|60|18|4|19|41|5|43|84|33|4|24|36|84|19|47|10|90|7|84|47|55|40|77|33|22|10|50|70|21|86|13|83|24|53|79|28|90|73|81|37|73|32|30|63|86|29|19|25|59|98|98|25|77|89|4
75|53|64|31|16|88|89|13|70|25|36|32|87|42|99|28|60|11|8|35|71|78|95|46|46|54|37|12|44|16|5|88|16|71|79|20|64|47|18|34|73|35|69|23|81|39|28|64|33|53|49|36|16|97|65|3|35|16|32|1|8|53|11|8|48|3|87|58|97|81|74|44|8|64|38|4|74|54|18|2|36|84|23|37|26|80|59|60|37|15|27|2|64|74|31|46|8|43|21|67|42|29|22|57|85|57|32|90|50|31|98|12|86|61|83|53|60|59|59|24|2|84|71|37|43|51|99|87|67|44|22|9|75|84|62|38|57|76|55|11|15|1|52|80|30|70|73|29|10|57
43|31|57|75|83|99|52|59|68|81|68|48|5|24|97|44|99|38|52|85|16|39|14|22|78|77|62|49|1|71|68|45|7|28|66|21|42|40|32|38|5|84|29|11|95|77|1|68|64|79|57|40|73|68|73|20|27|74|84|91|84|34|17|64|4|69|87|52|43|95|4|2|26|77|94|64|2|35|85|95|37|62|71|25|68|23|88|34|75|10|42|33|90|24|25|28|43|67|7|96|95|46|69|41|35|34|21|83|65|50|1|57|51|32|81|91|90|6|49|57|5|44|66|38|12|22|78|11|70|82|32|4|14|75|79|26|88|19|32|92|87|75|81|33|31|41|82|28|82|18
34|91|36|34|39|9|37|53|39|35|39|93|69|88|32|66|100|46|23|100|32|31|8|83|68|68|86|48|97|96|67|16|37|19|6|70|29|54|39|87|60|9|61|6|99|76|31|69|65|27|16|30|53|7|59|29|55|41|97|67|22|20|26|21|96|92|13|75|99|87|72|33|71|9|30|71|50|23|26|100|30|99|5|5|85|81|22|45|57|31|16|53|73|17|33|85|18|43|58|95|21|70|26|81|24|62|93|64|67|31|72|50|72|31|65|33|83|68|39|23|26|70|99|51|76|7|23|2|16|42|57|42|97|29|42|8|10|42|52|19|63|79|63|8|68|51|55|54|3|71
20|69|95|16|14|47|4|40|86|94|51|68|10|47|4|25|98|4|80|50|74|2|33|15|81|9|84|37|9|70|85|15|63|50|67|97|35|3|20|40|72|57|85|31|63|62|80|80|17|30|88|35|96|8|39|33|54|14|64|93|84|97|1|13|12|89|100|36|61|82|12|24|40|15|62|8|91|28|1|36|66|10|86|39|37|62|8|9|54|18|24|99|71|53|79|8|55|35|72|20|29|2|23|63|14|19|53|97|30|43|54|63|86|62|32|43|72|87|80|50|14|98|65|8|36|71|25|25|67|28|27|81|91|86|32|6|4|40|2|92|100|77|80|93|70|11|10|49|52|42
64|69|37|5|14|84|9|7|35|25|98|22|74|57|63|56|7|74|22|69|86|29|53|20|22|34|4|73|55|74|62|42|72|82|67|20|64|5|6|8|58|83|86|48|67|68|98|55|16|11|67|99|91|99|48|70|47|70|29|25|92|28|72|78|66|93|68|92|76|4|63|18|8|93|15|83|44|45|62|51|16|21|54|11|10|26|94|26|51|23|52|28|19|35|77|25|48|8|12|39|53|73|4|97|45|47|42|31|57|13|93|51|32|33|87|70|12|41|42|33|7|90|73|21|53|12|20|97|20|37|42|70|3|95|25|86|14|56|81|22|85|80|53|9|92|60|46|5|7|13
44|88|79|100|20|38|43|73|29|69|9|92|5|51|79|82|58|80|61|62|30|84|57|7|100|63|53|74|97|36|84|76|57|33|66|36|43|19|31|37|91|52|18|27|48|71|20|65|53|44|12|33|92|65|20|97|77|38|50|28|83|47|22|88|6|51|75|48|69|68|1|81|38|97|30|22|75|96|65|57|32|1|58|92|24|14|42|21|19|46|64|21|34|90|82|95|81|33|65|48|23|17|54|18|15|38|7|75|21|6|90|91|96|39|96|95|82|75|64|37|94|33|76|34|18|45|34|13|71|93|2|68|78|82|19|31|86|60|13|40|35|1|24|63|91|36|74|53|11|100
86|71|17|76|71|47|78|8|96|91|80|70|10|11|11|34|79|82|59|35|60|96|38|90|14|3|45|47|55|15|22|56|30|82|95|25|93|45|19|21|64|79|44|45|22|90|29|8|77|69|7|8|6|46|73|56|71|34|27|96|41|22|65|73|16|29|58|38|38|91|30|83|17|75|74|79|9|52|60|61|88|1|91|88|67|91|25|24|65|23|19|73|25|33|30|61|16|31|7|86|38|19|80|26|71|95|39|19|82|89|86|87|47|94|21|8|100|19|5|96|2|35|10|79|61|10|93|100|65|91|20|7|82|3|72|34|79|56|81|84|69|35|87|97|21|10|65|41|92|23
59|24|70|76|91|49|41|80|44|26|52|30|43|19|31|60|87|64|19|94|57|14|89|80|37|4|25|82|62|1|71|10|62|94|83|29|45|31|15|83|26|87|77|95|76|43|95|30|98|14|52|2|7|80|46|62|10|29|42|53|83|34|24|21|22|19|91|62|99|46|70|54|71|9|30|70|33|93|34|4|58|31|93|20|22|55|64|77|56|58|97|38|67|45|10|83|77|17|62|92|73|45|57|64|32|22|59|58|80|81|98|70|97|34|10|72|48|100|61|82|40|37|20|38|21|94|6|15|87|30|65|49|93|24|50|48|23|44|89|62|45|13|32|43|41|38|51|28|20|83
62|68|59|82|51|70|90|16|58|80|28|38|37|57|28|36|25|78|39|12|31|16|13|73|25|86|18|99|47|63|77|21|34|98|96|11|34|27|98|24|89|14|42|28|41|76|54|85|91|14|88|81|54|74|45|9|64|22|76|46|27|18|36|17|26|30|88|57|100|36|69|98|82|71|57|9|38|59|47|17|8|94|11|29|91|41|40|54|49|50|80|81|47|68|39|39|47|80|77|3|23|76|87|73|100|95|67|79|68|22|91|10|71|46|59|13|21|1|73|24|23|16|82|59|56|40|95|92|37|50|3|62|55|43|73|88|73|40|42|42|73|76|68|71|43|92|38|85|77|42
52|100|53|60|66|19|50|7|82|5|71|56|6|64|28|1|47|95|60|63|64|28|81|5|56|57|46|4|25|90|97|51|4|20|57|56|44|73|13|69|41|55|48|22|56|90|74|34|89|81|43|79|12|88|10|23|40|9|61|45|7|69|5|36|94|44|68|23|15|53|5|38|96|90|22|24|57|66|81|54|42|31|4|68|13|42|27|45|75|42|20|7|44|86|5|8|71|36|53|78|46|32|23|71|67|4|32|3|54|10|29|15|50|93|35|34|30|77|78|84|91|59|38|25|54|6|95|29|40|54|69|74|81|98|12|66|57|90|26|10|70|40|92|87|85|54|29|70|37|67
3|54|73|95|71|92|42|10|60|65|83|41|50|99|84|74|70|23|46|15|71|13|18|99|85|64|68|82|81|8|6|11|85|19|62|86|45|11|19|21|97|82|35|66|12|81|94|48|100|65|46|69|40|77|21|29|20|24|82|4|33|69|13|31|20|49|92|7|36|95|50|40|7|62|75|95|80|100|50|71|5|29|5|97|44|47|42|28|81|94|95|42|90|91|53|20|3|91|4|32|93|62|79|76|44|98|69|61|86|20|3|77|97|46|20|100|72|44|70|18|95|86|26|29|69|52|89|40|54|36|6|72|62|11|71|11|12|68|87|38|16|49|81|10|56|64|85|9|72|40
75|10|16|54|31|47|39|12|71|52|51|39|32|28|10|14|18|88|93|72|94|66|85|20|34|100|40|8|48|52|97|73|10|80|75|72|79|21|36|27|18|51|45|50|49|37|12|8|17|62|2|68|44|12|27|42|7|52|38|18|52|42|89|30|64|8|3|23|85|85|4|53|87|5|61|78|71|5|5|28|52|100|70|63|86|53|23|85|7|40|6|38|33|78|42|31|96|79|62|13|43|8|69|56|92|62|33|36|72|32|70|59|92|92|47|69|50|16|13|24|51|72|28|50|95|97|41|86|51|99|39|40|25|92|32|11|7|52|94|83|31|80|88|3|1|3|59|19|62|47
76|82|9|64|58|33|3|31|70|1|6|15|40|45|10|48|66|70|60|6|62|64|38|23|18|22|69|95|24|66|9|30|76|66|7|27|22|90|70|82|25|1|73|47|29|52|43|90|86|29|91|96|6|33|28|23|39|11|55|53|6|11|51|56|84|99|12|85|78|89|5|65|83|27|1|43|92|29|14|37|96|64|46|4|34|12|66|56|66|58|44|44|93|66|33|50|15|74|15|28|100|34|76|88|78|83|79|1|12|31|56|67|69|89|20|30|32|58|95|66|23|28|52|33|67|47|95|90|49|85|94|95|67|43|92|6|72|87|66|78|65|93|100|93|7|28|45|3|26|77
74|71|32|64|38|14|26|82|92|12|89|27|21|74|16|82|100|55|85|94|6|10|79|47|27|36|33|92|37|83|70|57|30|93|100|67|17|93|38|6|58|18|3|35|58|46|70|82|78|21|17|59|30|14|29|40|70|84|61|47|85|41|81|14|53|17|67|40|99|7|92|71|61|6|7|62|85|43|62|98|44|50|72|58|54|37|88|89|77|3|13|7|88|99|41|99|66|40|13|8|11|79|96|99|89|54|97|63|20|15|68|43|15|76|66|37|85|17|57|32|45|47|41|59|11|85|63|14|88|19|80|12|92|63|85|90|29|52|42|46|1|32|6|64|75|75|72|96|41|30
36|35|56|51|8|51|32|68|1|89|18|68|16|46|4|91|5|44|13|36|34|55|58|98|96|3|4|78|8|74|53|28|96|50|8|46|42|27|81|98|48|14|79|88|54|86|72|87|67|57|77|39|12|50|13|65|8|12|55|87|73|35|12|51|27|21|26|36|24|35|49|38|38|16|53|7|74|50|69|12|7|55|99|91|6|86|45|45|19|39|28|14|17|79|23|25|64|76|93|86|69|77|41|39|88|44|94|26|88|59|50|5|62|67|5|88|29|12|43|89|40|4|26|48|67|5|4|80|59|68|69|26|85|58|1|5|46|43|49|68|24|99|80|25|93|62|76|8|11|96
65|84|29|15|48|8|3|14|47|61|57|97|75|8|95|19|37|24|33|18|37|5|81|57|42|24|24|56|41|73|23|61|40|94|79|82|48|75|21|6|50|34|26|20|78|26|5|32|59|44|80|20|85|8|66|78|26|42|63|32|56|8|82|90|29|9|31|17|79|80|68|11|92|28|1|5|76|73|87|39|93|95|98|50|12|52|69|52|97|62|24|53|30|18|18|71|41|40|55|7|50|8|39|52|10|66|83|22|85|91|69|69|47|65|79|59|59|52|29|33|70|12|36|24|78|86|22|27|79|76|27|77|51|10|55|57|67|95|22|65|25|19|89|92|13|56|2|3|33|23
25|48|24|55|35|100|76|32|50|98|89|24|67|88|2|50|77|84|81|28|7|76|17|82|3|64|30|99|63|77|39|35|68|58|56|22|75|78|89|49|47|83|23|61|16|15|40|56|100|90|83|61|52|96|58|25|18|12|49|100|47|98|22|78|76|62|21|70|96|4|41|43|23|15|27|63|45|41|34|55|21|32|32|83|60|85|88|49|58|53|2|44|22|24|92|94|54|56|37|83|100|4|83|70|83|89|7|55|89|16|69|83|33|20|56|55|44|27|75|48|35|37|5|43|46|86|57|32|47|22|41|84|19|17|5|18|19|100|51|97|3|36|1|55|30|83|2|48|93|48
17|35|27|22|46|80|7|77|85|100|28|74|82|57|89|49|36|65|67|53|41|4|41|39|32|1|37|74|43|34|10|69|90|9|80|90|32|13|95|82|16|97|39|61|88|12|55|77|27|74|80|23|77|46|82|59|56|72|97|23|99|52|61|12|88|4|40|20|17|28|6|78|23|48|71|68|11|66|95|83|92|99|50|49|31|37|49|58|68|22|48|14|30|71|71|25|78|96|51|83|46|19|89|46|91|52|88|38|70|31|74|75|74|13|39|15|99|42|22|83|23|8|6|11|40|27|20|28|63|72|44|61|96|13|1|7|16|55|80|2|23|98|15|36|11|78|37|98|77|69
89|3|89|68|19|10|57|69|41|19|36|47|6|40|37|34|62|59|75|1|76|18|41|55|27|78|17|17|48|14|96|19|15|84|23|12|35|40|60|61|22|86|82|6|30|35|44|23|57|13|84|16|94|58|70|19|12|83|36|50|16|76|89|95|99|96|59|54|48|9|27|23|38|11|51|11|34|5|58|2|31|71|69|33|65|21|81|86|75|23|2|50|65|13|74|98|81|21|79|60|96|83|9|20|97|80|29|73|48|6|22|71|12|35|9|80|40|81|35|16|77|82|77|11|38|3|54|44|71|48|32|69|86|44|87|6|29|18|89|8|23|100|99|16|10|32|43|71|3|60
35|56|68|45|22|56|77|88|17|26|9|41|95|68|41|51|58|92|24|45|71|99|4|85|39|26|24|90|46|61|6|96|42|44|53|53|14|7|64|10|24|64|4|41|29|3|41|89|28|23|63|27|84|33|18|50|70|99|73|42|91|13|70|33|72|73|37|37|13|10|62|16|22|77|70|96|47|90|75|84|75|86|53|82|96|93|85|62|77|84|30|84|75|31|95|48|5|37|2|42|13|53|99|32|91|89|7|22|10|54|80|8|10|45|90|64|43|65|30|20|78|39|42|91|84|6|94|23|58|39|77|79|63|98|62|52|28|95|16|87|6|85|99|78|91|72|99|18|82|16
25|55|75|88|68|17|7|37|62|77|95|61|100|44|69|62|32|88|93|99|30|38|9|34|55|3|3|92|92|11|84|86|71|82|27|71|15|31|1|95|66|11|48|28|25|84|28|64|65|89|90|65|5|20|95|18|1|13|5|84|77|81|79|13|15|1|94|77|74|56|51|70|75|27|80|88|39|89|3|78|29|54|33|45|77|59|12|49|51|45|40|59|92|85|92|92|25|44|84|83|26|56|23|37|77|76|9|12|27|34|33|7|93|89|90|86|82|23|38|100|63|80|80|52|58|7|56|97|11|29|71|99|5|9|1|71|25|69|88|9|84|10|23|1|8|67|36|69|58|2
22|100|85|21|12|64|58|37|1|82|98|63|76|75|60|71|61|100|94|13|82|19|26|92|54|53|21|95|33|74|48|70|12|89|71|7|79|11|46|50|1|60|33|84|1|79|86|65|26|59|92|66|69|21|23|56|3|54|22|13|39|21|12|84|46|86|7|2|23|25|33|24|68|39|4|88|75|55|78|16|91|79|88|69|16|41|52|22|81|20|52|92|56|79|94|48|61|99|75|38|70|86|47|22|9|3|61|19|37|4|84|51|80|78|41|50|36|59|80|2|34|88|60|66|23|77|76|98|34|1|24|44|43|10|98|4|76|52|69|91|89|32|10|95|56|12|91|14|24|97
17|76|80|95|59|64|86|43|92|10|67|40|66|28|64|32|13|99|10|45|70|32|18|28|39|32|30|8|62|98|63|38|35|56|78|6|44|47|2|96|46|68|5|48|20|68|26|31|23|49|40|16|21|70|76|40|89|85|16|83|34|39|83|84|13|25|42|76|24|49|62|37|78|97|96|43|85|23|97|22|99|73|38|96|54|17|73|94|90|69|95|91|99|60|74|66|25|79|39|9|79|75|74|41|10|15|4|4|75|69|60|23|85|32|22|36|99|24|93|55|45|81|91|17|94|80|45|72|70|38|49|65|23|98|29|82|6|51|46|84|77|61|63|84|23|8|6|13|88|64
15|27|32|46|63|14|76|60|70|90|22|4|99|53|16|60|20|92|6|88|82|39|77|96|99|95|1|2|29|61|43|87|70|37|97|78|67|55|68|82|26|46|38|100|41|25|87|69|71|45|34|91|98|84|53|58|71|81|42|20|67|26|53|59|35|37|87|69|72|96|44|63|94|30|67|28|52|84|53|18|48|13|30|23|75|2|40|51|79|10|4|85|45|78|80|57|36|25|86|21|36|50|9|90|52|42|60|66|51|56|56|19|17|51|45|15|23|18|84|52|87|45|79|40|89|17|60|11|42|17|42|91|6|48|63|33|88|15|90|28|59|23|72|4|11|67|35|24|52|62
75|58|28|91|6|44|23|80|61|96|6|58|38|77|88|33|52|97|78|58|24|86|6|100|12|47|91|76|94|93|27|15|41|59|68|74|88|64|74|94|5|79|73|13|71|40|51|15|84|64|59|20|12|12|74|10|9|75|14|32|61|3|74|48|98|56|1|29|22|66|60|39|61|62|91|99|71|20|57|32|79|35|82|7|14|34|28|71|74|82|97|57|9|53|67|33|49|88|97|17|18|66|82|97|52|16|44|99|57|9|3|16|60|35|41|64|9|92|57|55|7|41|18|33|12|6|11|7|82|51|11|52|64|6|66|89|88|30|42|65|55|53|85|84|24|41|65|28|85|68
18|7|30|69|47|80|28|86|52|18|53|63|90|62|36|49|75|88|22|79|32|33|28|37|9|81|80|73|6|87|88|38|55|27|40|70|69|27|20|43|22|57|52|67|71|14|41|63|99|38|43|72|94|18|15|96|10|90|81|99|77|95|20|72|95|11|89|95|21|76|23|14|68|26|100|83|32|57|76|100|92|89|16|95|53|45|24|68|87|17|81|79|20|47|11|56|5|94|33|70|71|86|78|92|3|15|87|63|20|23|82|12|54|61|57|34|27|37|80|61|72|37|51|88|43|27|11|89|81|73|86|61|99|37|77|98|56|2|43|71|98|71|83|35|81|52|66|81|7|10
23|100|71|79|70|9|30|42|69|30|70|32|43|79|97|49|15|67|82|71|76|94|60|36|34|56|35|38|58|56|4|78|45|46|49|78|48|8|50|53|72|84|81|81|85|39|15|16|52|18|57|98|30|14|24|76|50|56|25|91|79|78|68|67|1|12|27|45|87|34|57|2|40|10|52|65|48|46|34|52|14|51|55|84|92|21|24|32|24|53|92|60|57|88|21|33|25|72|54|89|46|50|83|99|90|93|45|5|20|48|83|11|4|30|41|51|54|59|80|29|44|81|83|2|7|31|41|90|36|34|43|32|84|93|71|41|93|15|69|98|30|6|60|88|70|73|63|52|81|81
28|41|2|96|30|82|45|64|5|25|33|26|41|31|70|63|37|67|78|46|19|24|9|86|15|76|41|85|18|28|68|98|60|69|38|38|78|85|84|30|96|11|26|93|6|87|43|5|97|73|85|78|33|10|72|58|93|58|76|68|34|85|40|18|91|20|13|35|89|71|32|91|16|29|53|11|4|33|2|23|60|78|32|59|53|88|7|28|5|67|46|7|82|75|30|32|90|65|37|79|38|83|75|72|94|65|74|29|100|93|27|11|28|77|39|47|57|60|84|29|14|55|89|69|36|12|41|36|37|63|48|66|25|36|94|23|23|55|46|46|30|50|83|30|56|13|86|6|89|88
91|12|4|52|82|22|62|51|26|60|75|81|65|89|19|58|20|72|18|75|84|71|35|66|11|12|29|37|46|13|32|75|32|100|94|29|89|51|34|7|28|56|82|93|36|89|31|35|28|90|90|58|85|57|10|53|69|78|66|84|50|99|57|13|1|27|60|55|49|78|17|10|75|24|82|33|11|22|81|37|56|61|17|93|60|37|17|18|90|31|63|62|61|9|61|54|99|3|36|95|5|52|49|70|65|7|5|84|24|19|10|76|58|8|71|47|69|96|90|75|39|99|67|13|33|61|100|69|37|91|100|38|60|35|66|89|65|26|23|2|12|74|46|27|64|63|72|34|53|85
88|8|55|46|49|74|20|96|8|69|67|50|49|18|42|60|63|71|70|92|47|87|24|25|16|8|30|85|29|91|41|76|79|25|6|98|21|96|38|65|37|22|98|98|54|64|24|27|74|85|49|53|25|25|15|93|37|79|7|44|80|3|17|65|27|37|72|78|34|77|72|67|55|89|15|92|44|10|22|9|17|76|2|35|58|74|51|41|41|13|83|62|88|90|23|76|67|48|84|37|76|70|1|16|88|12|48|4|10|83|53|56|17|55|1|81|59|39|58|98|12|100|68|40|87|1|53|16|89|44|74|44|7|62|2|16|90|42|100|19|46|65|24|68|33|25|30|72|54|79
91|13|44|78|8|1|79|30|65|56|30|49|76|71|39|3|82|91|75|83|93|41|13|19|46|44|12|19|84|4|21|61|51|70|89|67|88|1|27|70|4|33|40|63|36|63|93|25|73|33|88|39|76|3|44|96|92|13|25|15|82|44|80|96|54|4|74|84|48|60|48|4|13|72|57|97|44|13|85|21|7|24|84|47|66|36|57|74|6|32|92|96|22|98|7|39|34|15|25|96|97|64|70|24|5|82|56|25|23|89|46|51|14|10|41|3|31|7|90|80|63|80|49|47|62|41|82|17|16|73|9|83|88|45|20|39|96|16|62|23|57|100|98|34|63|28|13|69|52|83
76|7|37|88|52|85|31|43|3|43|28|97|85|52|98|34|45|52|68|73|96|75|26|77|67|12|14|34|77|64|22|79|41|8|32|76|85|20|99|28|61|100|12|48|2|90|71|24|72|45|48|91|84|52|91|97|24|87|90|38|28|32|95|33|91|25|12|98|40|95|20|76|40|91|18|52|13|57|90|13|42|66|18|5|56|69|5|81|39|28|15|13|85|55|73|54|34|74|71|56|33|96|87|59|88|22|21|61|91|28|1|51|54|2|96|44|47|86|33|23|82|81|11|94|89|30|99|20|36|77|98|21|87|82|17|40|35|20|82|75|29|94|4|27|22|57|86|97|81|50
98|88|67|12|18|39|54|20|15|14|61|75|21|82|75|96|83|32|25|86|36|35|33|47|3|70|40|32|7|37|60|12|18|54|98|77|37|11|40|17|5|34|37|74|57|93|88|59|83|41|22|91|42|34|55|97|34|100|48|34|94|23|98|69|67|47|76|85|29|89|86|62|5|29|68|93|68|99|23|50|17|64|86|22|91|22|78|72|80|75|40|9|58|3|55|72|22|87|52|43|62|1|11|62|80|34|59|60|59|63|14|10|30|66|23|45|55|22|50|1|41|72|48|21|36|64|95|35|29|10|100|50|40|10|59|43|88|96|85|88|45|25|46|30|72|40|36|83|80|95
98|28|30|77|29|18|35|69|54|14|94|92|96|42|63|32|41|1|47|83|89|55|26|76|67|53|69|46|28|63|45|2|9|52|27|98|95|68|21|52|85|60|77|2|35|50|69|39|71|35|7|96|77|56|39|61|49|81|35|16|49|34|1|26|13|92|87|69|8|70|100|63|61|87|14|59|48|80|42|99|1|6|79|79|10|75|29|49|21|80|50|46|89|90|44|76|79|41|93|8|42|53|24|14|40|31|46|8|41|14|12|30|33|48|55|93|10|12|76|91|37|66|75|13|63|56|70|19|33|84|55|66|7|75|11|46|99|23|73|49|97|40|80|48|99|67|62|61|32|19
41|39|56|89|100|74|88|8|7|3|11|52|23|24|25|68|12|95|76|80|25|80|27|63|17|44|81|1|85|17|55|83|19|87|46|51|13|87|6|99|75|1|30|66|12|13|27|21|39|22|18|78|75|9|86|56|97|87|6|31|65|100|70|21|97|31|1|14|31|92|38|93|43|3|12|51|38|27|46|89|92|91|82|65|65|39|95|12|90|26|24|80|11|29|31|94|20|10|82|99|16|3|51|22|80|33|25|7|77|27|73|1|11|84|52|88|13|81|72|88|27|1|40|22|41|68|38|76|81|12|3|12|71|85|81|79|98|67|34|10|1|68|66|62|16|53|5|45|40|34
66|47|35|95|55|26|38|6|28|90|27|41|22|32|96|45|66|87|4|16|41|100|55|81|33|79|39|66|32|67|96|81|23|74|38|62|34|36|45|77|31|22|61|26|94|14|26|21|2|23|6|63|65|55|7|52|23|97|29|69|47|99|64|26|22|79|74|67|64|90|44|43|31|14|97|23|53|63|83|72|88|66|38|85|85|63|83|15|96|72|45|83|89|54|58|17|80|59|41|64|63|5|97|54|66|98|69|87|7|60|73|61|46|76|98|73|6|1|9|94|14|82|51|74|23|30|86|48|85|28|4|63|92|57|65|62|60|29|86|73|65|92|83|10|79|65|60|34|4|29
14|83|17|81|16|20|37|47|2|82|35|7|73|99|47|20|24|48|28|62|60|10|85|52|68|67|40|43|9|57|7|25|67|19|89|20|83|90|25|4|48|73|55|80|58|49|23|42|17|91|56|97|80|78|77|86|10|92|33|23|16|54|2|29|2|75|1|17|32|26|9|78|21|46|2|77|64|80|73|77|11|83|77|89|26|37|56|13|88|77|39|41|73|72|53|21|88|63|35|27|51|83|41|96|91|12|16|81|22|50|57|55|20|53|18|50|44|58|86|36|50|61|69|30|33|6|41|28|38|56|17|30|54|73|9|100|51|30|38|59|90|64|93|51|53|77|44|10|35|15
38|33|69|80|2|52|73|62|86|97|38|45|58|53|32|76|19|99|44|35|14|97|86|98|91|62|79|96|4|41|67|30|91|35|84|100|74|73|95|11|87|88|30|61|84|73|53|80|27|76|17|98|14|9|98|60|3|55|29|30|95|18|63|26|37|54|63|48|4|33|8|21|51|67|17|3|6|70|39|21|26|79|98|18|46|100|57|98|52|73|54|38|14|2|37|43|54|50|92|33|23|80|27|71|99|31|13|98|93|50|97|91|42|48|58|63|82|5|22|98|20|47|65|35|100|42|36|2|86|68|59|56|75|38|15|21|84|52|62|99|72|54|65|35|83|74|27|67|73|75
60|65|12|84|56|14|33|40|34|85|11|69|94|7|24|44|63|4|62|26|32|15|96|88|70|34|5|24|13|29|39|72|26|33|83|30|90|95|25|83|57|77|54|84|45|30|55|60|68|75|4|44|80|58|33|84|37|39|34|75|19|57|56|99|14|100|75|93|59|10|64|86|4|84|59|52|73|9|28|6|1|67|3|42|85|4|39|43|25|32|21|16|75|88|80|33|3|14|73|95|11|58|19|44|22|62|95|53|81|70|28|78|87|2|43|55|65|49|70|85|36|98|72|75|98|58|54|75|30|89|100|51|95|61|97|12|39|74|93|41|80|65|72|3|45|85|74|93|3|17
53|34|95|71|13|15|13|49|17|13|22|38|38|20|83|28|46|81|5|88|31|80|69|34|87|83|59|31|12|45|93|28|71|83|16|79|51|81|11|68|20|100|66|58|59|54|62|57|33|97|78|2|78|31|79|62|55|47|20|72|98|45|28|33|85|76|27|41|94|31|33|9|61|1|69|38|51|61|11|10|67|90|76|75|45|89|63|68|63|2|81|36|34|57|32|1|92|31|56|73|35|28|97|60|84|60|69|59|15|39|34|2|61|55|28|14|48|80|57|95|24|27|31|68|92|5|76|77|28|17|31|96|21|24|17|59|15|30|73|87|78|13|6|84|60|8|56|53|20|76
42|73|100|80|8|43|3|78|65|40|24|5|89|91|29|99|63|3|26|27|89|70|15|48|13|10|80|60|33|32|59|89|91|42|67|22|24|37|52|76|40|37|65|21|46|56|88|83|25|77|54|87|55|39|31|75|71|49|1|37|90|73|86|15|77|89|2|37|97|93|33|32|51|63|94|40|30|43|78|47|71|37|84|9|42|80|48|15|1|76|3|83|56|30|60|27|99|64|72|95|89|79|34|62|3|97|99|74|92|45|95|26|47|17|94|57|47|53|39|22|69|84|83|40|81|62|100|2|98|56|100|92|59|63|34|36|82|22|11|11|91|76|89|67|65|12|76|46|23|48
81|67|53|36|10|41|16|92|30|98|31|49|81|47|76|50|16|83|98|83|80|29|70|57|10|5|98|12|95|62|65|72|15|59|29|91|86|12|51|75|40|39|75|43|92|42|44|13|10|84|20|10|56|85|91|73|20|84|36|32|73|24|32|57|30|34|7|52|16|68|85|68|52|85|30|38|69|50|20|88|61|11|39|36|53|87|79|43|23|63|26|78|66|37|96|100|21|73|67|64|41|68|39|14|20|13|81|53|67|76|56|93|97|26|96|6|20|17|70|70|15|85|2|67|26|98|92|47|51|86|50|95|36|47|54|14|24|60|100|29|47|33|15|94|4|68|44|8|52|92
49|38|85|22|19|24|96|25|60|5|38|98|55|100|58|94|19|73|81|95|87|56|62|97|2|31|76|83|83|11|44|11|25|40|83|38|61|10|4|5|79|21|11|29|70|23|23|94|96|13|27|32|76|65|100|23|14|70|38|66|56|78|97|42|16|38|80|43|80|60|50|59|23|13|56|22|60|1|88|93|60|91|95|87|25|42|17|49|63|29|38|92|12|44|24|76|92|8|74|100|14|2|40|22|45|58|60|52|80|83|95|55|44|36|8|94|66|85|1|13|74|27|87|63|52|72|82|82|22|20|90|76|62|77|95|66|2|18|55|62|63|54|39|72|63|50|65|68|16|98
62|70|93|84|8|39|63|44|2|91|2|72|18|10|55|91|63|80|96|13|20|74|91|65|98|49|8|4|12|72|84|85|78|82|55|47|21|89|43|4|95|30|70|75|42|98|93|84|83|15|74|47|89|26|58|63|78|98|85|35|99|32|12|51|54|60|84|31|37|98|6|70|1|23|36|62|63|68|78|45|73|16|73|83|68|97|3|2|72|43|88|9|52|42|77|23|48|35|67|61|95|27|81|32|88|8|46|76|31|2|90|43|55|25|68|6|10|43|64|60|96|75|22|40|42|41|40|45|67|96|28|83|83|21|40|16|59|24|80|97|55|5|51|44|94|79|2|2|29|49
3|54|62|19|2|69|23|61|66|22|55|57|81|74|51|95|91|65|58|74|32|90|93|65|54|100|56|52|92|22|57|17|57|84|74|83|66|15|40|93|29|59|77|72|51|8|93|8|91|54|72|19|12|75|26|47|34|74|17|16|31|34|97|2|93|45|36|18|69|31|57|42|18|85|37|86|2|49|1|5|99|24|68|42|51|21|25|37|94|59|94|74|1|40|89|99|28|49|61|97|56|84|25|69|71|56|47|22|86|58|57|15|63|26|19|75|24|13|59|73|22|45|72|13|93|56|82|93|21|99|26|13|77|11|14|60|33|94|34|47|36|33|22|56|39|31|81|55|2|8
86|13|83|73|28|76|5|33|44|55|4|1|12|9|45|67|81|45|33|23|16|1|98|40|10|11|93|53|9|9|70|49|64|71|9|34|59|9|39|18|68|25|94|74|75|89|33|40|51|70|93|23|91|58|99|90|36|64|57|25|15|61|52|100|45|74|49|63|41|7|85|47|25|82|38|32|53|79|96|72|43|19|41|78|55|34|59|31|38|21|20|92|64|18|57|88|13|73|65|10|60|12|51|65|52|64|41|49|78|71|28|12|24|80|9|68|37|100|68|64|64|38|58|84|40|45|28|25|100|90|53|58|75|35|80|73|52|26|96|85|7|22|67|27|23|41|91|50|3|52
38|79|83|30|75|61|44|31|43|83|94|60|99|10|1|12|74|41|6|57|67|79|75|68|19|36|65|78|61|46|89|21|97|15|50|74|42|88|32|8|55|100|84|4|26|47|8|23|7|98|50|87|93|76|44|21|62|92|47|13|88|77|92|14|27|89|8|42|14|11|58|17|28|37|15|23|94|4|29|5|32|46|52|61|86|32|54|20|89|21|92|44|14|76|3|49|14|68|37|54|94|7|7|35|1|10|2|19|70|59|73|13|54|27|53|35|62|20|17|1|100|77|3|47|79|90|88|67|70|32|75|9|2|83|7|24|22|82|51|61|92|20|33|54|40|79|12|46|85|21
25|47|55|35|19|35|59|84|19|47|92|23|99|45|32|71|51|37|24|10|18|99|54|29|18|40|30|10|69|74|25|13|51|58|27|99|32|72|97|93|89|27|82|44|6|27|92|64|40|71|100|67|77|93|6|82|53|91|17|18|17|77|80|24|18|17|90|57|18|20|45|53|75|31|5|96|23|63|31|28|71|29|65|79|68|59|32|96|46|1|22|8|23|56|63|52|76|45|24|47|62|63|36|99|24|3|49|45|97|78|46|64|87|29|71|56|41|1|95|74|87|38|41|84|69|62|11|2|26|33|15|15|22|68|99|82|37|32|78|76|71|19|54|53|12|15|92|63|90|81
2|49|98|41|94|57|77|21|2|11|71|43|73|19|1|21|87|74|92|58|2|67|6|41|76|5|63|71|4|74|73|98|53|74|1|58|96|86|93|98|5|8|79|77|45|56|52|93|8|98|26|75|38|16|59|48|93|94|72|75|28|37|25|96|32|71|36|11|94|53|94|88|4|14|88|35|3|23|2|67|13|74|77|60|49|68|32|41|75|85|14|52|28|82|36|73|32|18|46|80|15|96|20|69|31|2|17|71|16|33|77|90|97|25|10|33|97|91|50|38|50|41|21|52|78|17|80|19|20|26|74|59|2|24|53|98|8|23|41|94|26|65|8|83|35|75|28|72|54|64
72|51|21|53|83|68|56|97|48|42|18|10|86|76|21|49|74|19|84|8|47|31|10|18|86|45|22|2|22|84|83|13|14|18|5|99|18|52|55|28|95|85|80|91|56|73|93|95|7|88|13|9|75|35|3|3|52|70|4|91|54|63|64|49|8|91|33|53|15|16|50|68|95|66|64|65|94|5|6|96|90|50|22|45|45|53|30|69|66|5|63|54|70|86|40|74|58|12|86|14|33|86|79|100|53|89|89|27|39|8|60|17|65|75|53|63|29|7|50|80|1|24|67|19|82|5|21|72|58|87|69|83|32|100|43|77|63|27|50|95|78|11|43|46|1|71|77|66|42|56
91|76|86|98|13|93|34|100|50|4|23|12|65|69|98|60|28|38|28|37|66|64|78|48|95|6|8|31|63|7|68|24|26|29|94|10|26|53|22|77|21|87|35|11|73|30|74|36|14|57|22|38|74|87|69|86|33|95|92|97|72|75|12|74|87|95|90|80|8|75|95|45|95|88|49|63|22|53|74|84|63|56|31|81|54|48|61|21|81|46|11|55|13|18|27|85|37|53|5|21|13|86|1|14|82|8|17|11|50|94|17|13|19|5|44|17|87|33|49|27|76|29|73|25|91|11|50|64|57|45|70|41|98|38|80|81|98|62|13|93|27|95|22|84|43|74|90|45|31|43
46|10|13|72|89|12|13|22|17|78|91|6|73|58|26|13|42|97|70|67|58|69|90|95|80|67|92|14|75|99|71|44|12|6|93|17|4|36|80|81|4|52|13|92|35|24|46|23|73|13|84|89|93|69|24|46|67|30|12|43|73|69|99|63|25|53|1|63|31|20|3|30|58|82|73|34|65|43|49|45|53|33|81|97|47|11|33|97|4|74|17|30|41|17|64|43|3|83|54|35|4|80|30|57|68|83|86|98|27|17|78|44|5|75|17|88|15|30|15|59|84|62|52|45|57|93|19|99|88|4|31|38|77|78|78|70|100|26|32|44|88|20|24|6|10|96|60|24|18|21
36|6|72|72|22|18|35|78|77|89|66|88|23|27|12|35|57|21|3|5|18|100|91|72|11|97|51|39|77|35|14|77|58|48|71|29|54|6|54|90|19|5|66|74|83|75|29|5|63|46|35|4|4|54|87|8|9|97|16|29|23|35|42|64|19|49|12|56|52|79|6|63|98|35|99|55|53|75|45|56|39|60|2|51|1|55|97|6|7|82|47|85|58|97|50|37|32|89|55|17|71|100|94|29|40|71|72|26|57|99|22|51|35|92|66|75|9|64|27|35|82|23|60|39|44|17|11|5|52|10|2|88|81|94|68|47|48|77|12|51|92|52|47|80|33|77|61|61|55|59
40|37|81|6|29|63|85|11|8|23|91|38|5|20|22|34|60|15|55|97|63|34|87|44|69|51|72|45|50|32|50|29|15|84|33|29|56|11|61|70|10|98|98|75|70|81|18|92|89|52|20|5|30|64|10|91|26|68|68|36|63|87|32|42|76|21|99|48|59|1|31|29|45|53|84|45|85|93|26|2|40|4|48|28|18|87|43|30|34|84|67|1|97|22|75|27|1|43|47|31|93|88|83|8|62|55|30|100|92|63|89|33|86|3|16|87|14|29|30|55|24|76|100|59|14|1|42|96|52|2|33|73|56|48|52|69|88|98|58|56|53|37|63|97|91|79|35|23|8|76
6|18|57|32|98|25|79|35|99|35|86|43|38|66|27|65|5|53|23|15|53|57|96|65|53|94|42|29|13|9|73|7|36|66|91|20|42|20|49|71|93|20|4|77|92|57|77|95|39|70|50|54|64|92|71|29|38|83|4|86|58|75|63|82|10|29|15|89|49|9|56|4|63|40|49|52|58|77|82|61|42|86|37|76|85|18|36|3|86|72|52|48|62|62|79|1|65|71|8|67|85|9|78|72|28|70|64|5|30|43|86|42|39|36|87|54|32|27|45|19|52|55|39|18|97|87|81|66|19|64|71|29|26|12|67|41|52|38|76|96|73|82|44|27|19|78|77|1|16|70
73|92|55|55|33|69|44|22|17|39|26|1|83|82|1|77|61|63|87|60|90|1|29|24|72|99|6|21|50|37|19|10|14|3|4|91|66|100|68|29|36|67|7|8|58|69|23|10|66|21|81|68|54|92|77|10|11|91|4|7|72|90|40|18|96|25|63|74|34|13|32|66|85|12|97|2|89|81|13|74|71|15|10|99|48|80|45|24|87|71|19|5|78|28|1|8|50|21|36|64|30|100|86|81|98|33|32|7|70|10|9|45|10|76|28|14|29|88|56|94|69|37|78|43|34|70|54|39|92|100|67|84|99|67|1|82|96|8|97|71|85|21|82|26|43|12|72|32|34|3
40|32|42|30|4|74|1|22|40|26|15|46|6|91|6|50|93|15|96|51|39|15|3|45|95|5|62|81|22|95|87|90|93|81|37|74|74|50|55|56|34|88|60|39|97|30|28|50|87|70|65|12|64|75|85|48|59|88|44|16|37|31|53|85|84|7|17|99|81|3|63|45|80|75|76|81|98|27|52|49|34|24|15|5|45|35|63|89|51|75|25|98|18|30|3|48|74|71|48|48|63|40|65|4|41|8|38|23|44|80|64|88|96|39|72|78|100|14|7|57|51|74|4|41|20|97|35|58|9|55|19|97|77|6|85|45|86|82|73|92|30|17|19|68|34|17|92|77|3|34
60|76|49|43|50|75|73|86|48|91|21|32|96|52|5|72|99|17|17|11|53|88|30|79|75|68|64|81|94|35|22|91|77|38|96|43|16|32|98|53|8|71|96|57|69|43|60|50|62|18|39|80|62|70|24|18|67|91|98|71|71|98|38|96|44|21|7|26|62|69|84|51|35|65|100|25|15|66|70|93|53|83|47|61|14|64|89|46|94|60|35|24|94|43|63|67|94|20|16|8|24|51|89|60|43|36|8|86|37|14|91|93|19|22|12|7|17|43|89|77|18|55|47|100|85|21|75|21|52|97|54|65|10|28|66|57|70|44|31|5|29|23|77|12|95|87|53|36|41|95
81|16|58|28|12|88|99|29|85|80|29|11|48|44|15|8|5|98|31|70|61|19|24|49|88|48|8|27|62|70|9|53|43|97|54|80|57|66|82|55|32|83|67|84|90|73|6|78|32|93|91|54|77|94|16|69|50|89|94|63|89|58|18|19|23|52|7|79|5|75|21|7|14|59|54|2|79|66|88|36|60|52|35|40|90|12|13|91|8|16|53|41|100|87|76|95|48|89|98|52|38|40|18|28|50|50|89|66|94|83|4|94|90|66|81|28|90|99|17|20|13|31|48|14|55|32|63|75|94|38|2|49|3|65|4|80|58|11|27|74|45|76|26|1|31|25|62|31|51|80
41|64|97|38|53|94|91|98|94|10|24|49|6|93|61|45|4|21|49|11|73|75|52|1|92|70|46|31|63|73|21|41|91|64|23|73|24|73|81|13|15|68|69|17|45|55|72|2|98|59|23|6|87|44|17|6|61|73|14|51|25|63|50|40|15|39|26|54|76|99|8|14|67|42|80|10|94|91|64|6|88|87|77|63|85|82|16|68|63|3|70|45|40|77|96|64|92|79|51|10|27|23|68|94|6|51|19|70|55|94|36|74|13|50|21|35|18|50|100|73|69|9|23|61|100|33|26|14|43|36|30|1|92|3|39|63|91|9|66|98|26|18|1|18|7|60|9|98|94|38
72|98|75|34|76|81|74|72|17|15|100|100|93|65|25|60|88|14|98|90|35|86|28|67|97|69|97|47|70|85|31|16|22|32|35|32|21|20|67|14|47|29|35|87|5|6|35|46|54|5|13|30|50|87|43|66|29|41|58|48|85|11|67|95|15|67|47|81|96|72|26|25|17|66|40|9|18|14|46|71|3|48|81|36|46|48|53|58|3|81|55|48|8|99|8|54|43|23|55|34|36|51|4|97|64|26|5|26|81|52|35|94|76|32|80|58|79|47|69|14|55|50|55|14|36|4|28|84|77|51|99|25|84|79|56|68|68|21|2|72|16|80|15|27|4|98|19|57|65|77
3|7|46|63|75|17|65|22|11|21|5|97|45|77|22|80|30|71|3|56|38|21|1|44|40|67|58|65|28|20|42|71|89|14|51|61|42|54|32|87|88|57|37|14|89|64|67|68|72|62|83|53|39|8|32|62|50|24|37|4|42|85|60|33|45|64|22|81|75|98|52|22|57|9|85|56|9|98|16|24|90|90|10|34|18|52|32|52|61|7|68|45|90|23|48|77|95|33|20|64|25|99|49|64|57|23|78|63|7|16|18|71|42|41|33|18|31|74|27|40|25|63|73|60|44|27|70|11|7|83|93|12|91|50|2|95|43|31|79|14|88|69|19|68|67|80|50|86|73|46
89|92|13|27|66|7|70|52|8|6|26|24|54|86|74|6|66|54|60|60|30|42|68|93|90|38|69|48|86|73|79|61|77|55|80|38|76|4|98|83|27|67|75|54|57|53|53|60|74|15|100|74|5|35|13|69|24|71|2|47|85|61|93|63|80|50|57|50|48|9|5|38|65|80|64|61|84|55|84|100|96|40|42|12|63|88|61|55|12|23|63|7|3|61|81|83|38|12|88|17|8|92|100|9|58|63|33|77|32|1|2|76|98|12|85|86|77|43|38|81|89|99|29|12|45|12|37|55|19|20|38|63|45|90|17|55|11|78|63|32|90|54|51|7|85|38|29|10|87|96
77|5|23|15|21|49|13|84|58|19|28|40|49|72|54|62|55|66|80|69|39|93|67|49|9|28|38|3|75|10|80|39|26|91|71|76|35|44|76|63|96|43|35|48|1|45|20|36|39|17|15|30|43|16|23|14|97|69|83|57|20|72|12|6|26|79|72|46|14|41|1|87|75|14|44|67|45|53|43|42|32|55|4|87|40|86|4|22|63|72|42|38|53|24|12|32|44|21|64|32|31|63|94|62|83|68|84|59|12|67|3|66|56|23|80|68|22|94|17|73|75|80|46|44|13|9|56|96|58|2|23|48|46|5|41|12|78|74|7|20|37|53|78|32|31|9|41|70|5|5
19|14|38|66|88|80|29|46|19|74|1|8|99|96|73|89|32|49|7|20|3|6|28|33|34|64|46|12|18|67|56|64|25|59|4|66|62|28|2|73|3|67|47|6|57|11|8|12|58|74|1|4|88|55|50|81|73|48|12|42|52|11|83|55|70|46|99|4|94|19|12|32|85|13|92|29|58|80|5|9|86|62|99|17|75|6|97|43|83|69|12|83|6|61|50|83|41|29|85|59|38|31|45|77|24|63|21|61|83|22|98|94|79|83|2|46|87|83|49|32|92|50|79|98|53|6|88|49|100|83|5|48|26|85|80|56|27|91|48|91|68|3|75|81|21|96|96|57|84|47
94|60|31|12|94|15|97|77|2|12|12|27|4|69|42|27|53|58|57|1|97|79|77|59|44|1|86|64|95|54|74|52|94|35|96|73|79|22|12|54|4|54|74|56|13|62|28|46|32|72|4|3|19|23|45|4|93|42|37|24|55|33|41|50|3|74|5|3|72|88|46|85|49|22|3|88|62|62|94|68|53|33|18|56|100|11|58|91|15|92|75|62|95|1|9|92|54|73|15|40|31|70|6|80|54|61|43|39|46|37|46|100|82|60|32|18|7|13|13|64|63|29|87|81|1|2|78|23|55|45|87|34|20|72|18|10|18|23|26|78|39|85|34|14|80|47|63|63|90|13
91|99|82|1|97|83|12|32|61|38|55|8|39|21|45|11|2|80|94|71|47|69|71|78|80|61|19|47|39|98|25|10|87|56|85|65|47|81|35|2|44|52|59|36|85|11|88|60|66|41|17|76|3|43|47|53|29|62|93|80|40|19|73|38|53|71|46|10|72|13|90|97|64|60|73|91|8|67|50|87|13|34|22|55|100|62|28|98|96|19|92|23|29|90|5|83|39|27|44|53|13|63|12|14|46|94|37|2|50|85|57|92|24|20|43|62|8|65|25|6|81|44|92|78|74|29|80|41|76|42|65|93|41|35|4|96|46|25|87|75|98|44|33|89|38|73|69|81|49|89
6|20|97|85|57|55|38|60|100|26|93|74|8|49|44|91|53|15|39|62|40|21|94|82|15|12|37|44|68|24|24|29|20|41|76|91|90|90|15|51|20|4|57|44|17|69|40|38|18|58|36|4|96|16|28|83|93|47|67|53|38|20|67|10|33|84|58|54|74|65|14|36|33|60|44|21|93|50|47|95|25|46|98|9|37|48|15|61|20|66|4|40|10|76|46|53|30|84|82|66|25|4|99|71|40|25|15|22|59|31|15|98|94|76|91|92|81|85|45|3|3|55|62|46|67|42|96|70|23|49|59|35|5|83|52|29|39|26|38|84|10|1|97|3|74|24|95|91|91|86
74|26|47|63|63|2|29|72|55|7|20|30|69|25|27|79|23|62|26|20|51|57|73|46|11|47|9|52|62|79|61|53|69|76|10|51|100|51|96|98|81|82|12|47|34|31|80|82|66|98|53|29|26|58|50|69|51|58|2|81|40|48|47|81|6|12|16|63|64|20|16|69|76|45|67|65|51|31|81|11|59|43|31|88|90|33|96|87|55|60|18|39|7|11|99|5|8|84|64|27|33|65|23|16|31|9|56|34|98|67|14|56|48|64|29|62|22|81|62|20|2|34|56|18|10|99|72|9|84|60|83|17|59|1|35|53|92|17|49|3|12|31|57|13|81|22|74|33|15|46
65|89|59|24|3|49|60|40|75|46|82|18|22|21|39|34|10|92|96|47|25|94|5|20|80|15|69|50|65|22|27|32|47|27|49|56|30|13|9|17|68|86|28|10|8|47|34|14|53|15|73|97|51|82|93|36|16|2|74|17|51|77|33|37|78|13|55|53|44|25|38|10|21|30|77|59|88|9|30|88|15|9|99|74|32|80|30|23|89|22|72|63|65|64|49|72|17|69|25|55|53|59|6|99|34|66|86|72|66|68|46|72|62|76|45|31|13|96|42|32|78|13|79|53|27|45|25|31|19|58|56|39|33|49|58|99|89|66|53|18|74|78|8|97|60|71|99|49|63|47
55|58|96|80|26|87|65|8|22|87|8|39|93|60|10|26|64|32|54|50|48|4|14|9|17|48|91|98|87|51|69|89|60|46|43|96|44|36|70|15|40|66|100|81|22|59|6|7|10|11|41|1|91|82|66|2|94|47|87|31|49|33|80|72|54|75|50|44|98|73|76|87|89|15|25|79|5|58|42|28|79|64|19|50|86|69|59|75|35|11|59|18|35|81|19|44|31|75|12|76|89|56|3|85|80|48|1|11|19|9|93|7|29|99|38|73|74|74|90|50|33|23|84|6|75|47|42|83|84|53|36|23|24|77|91|3|50|23|81|99|26|62|9|88|91|88|1|87|53|39
38|85|8|44|67|36|40|24|3|95|78|22|95|33|73|97|15|58|76|5|96|55|44|66|7|8|91|14|61|2|22|95|48|17|49|14|92|58|83|23|49|56|11|43|11|4|24|94|55|27|97|45|22|81|8|19|12|26|35|82|16|83|4|10|74|19|92|72|64|37|93|15|19|68|47|22|90|28|71|7|37|28|21|74|61|62|59|83|49|46|6|57|78|2|63|84|54|42|92|85|84|29|76|87|46|11|3|47|7|24|18|65|69|8|3|8|98|76|12|22|77|80|35|99|89|77|74|43|100|45|82|93|14|60|73|95|80|18|83|88|87|66|39|84|85|69|59|39|49|62
62|41|56|38|11|81|32|28|42|37|97|39|9|65|14|76|77|76|94|60|86|20|55|99|71|31|35|12|87|84|37|71|15|100|70|53|69|78|37|32|71|57|2|100|22|18|41|77|65|31|85|28|44|50|48|78|34|75|3|70|70|41|90|88|22|22|16|64|35|35|71|13|61|93|52|40|71|5|5|15|3|84|79|31|34|43|1|7|18|34|68|69|59|4|30|49|22|61|75|9|100|9|57|83|97|74|72|75|67|6|3|10|93|49|5|8|68|37|89|98|99|99|24|54|8|14|82|38|64|50|12|21|92|19|4|20|54|67|97|56|80|69|66|61|38|14|7|2|76|12
52|8|91|47|15|96|29|17|85|93|28|23|9|24|40|75|27|64|5|19|83|100|14|62|28|6|89|12|89|34|81|68|60|13|62|7|12|32|31|52|14|25|68|15|48|21|63|65|6|83|55|22|3|94|7|47|28|95|36|97|6|63|89|20|27|33|67|35|86|78|14|57|98|20|73|54|97|79|51|88|33|56|92|100|67|27|39|100|67|75|49|87|23|43|12|98|73|72|58|96|97|24|56|62|16|75|86|18|86|13|58|37|25|94|97|12|94|56|49|90|53|71|12|69|58|89|17|81|49|22|64|62|6|84|45|58|21|76|83|42|13|7|48|11|52|36|70|68|88|67
85|30|7|69|99|66|32|37|72|24|74|92|18|15|24|82|71|94|1|50|23|73|65|82|34|94|27|31|13|1|5|7|97|70|92|83|44|50|21|16|21|83|22|55|49|55|16|62|34|95|30|67|47|64|1|86|17|16|1|80|92|17|11|17|6|1|84|87|91|29|24|49|41|89|51|88|66|94|25|70|38|49|62|24|89|50|73|49|100|63|37|50|34|30|97|77|70|52|70|2|49|52|62|47|33|59|94|47|37|13|22|80|78|33|94|55|99|29|67|78|70|75|25|77|41|81|97|68|27|29|94|3|52|33|76|67|51|79|12|98|75|35|71|9|8|96|94|20|29|52
47|82|40|93|8|38|46|30|24|59|11|89|94|38|5|45|74|46|24|97|92|66|66|94|95|23|82|18|79|67|19|18|45|37|61|73|99|5|63|33|42|67|55|72|3|23|16|7|87|68|30|12|74|12|8|48|13|12|8|37|19|34|88|81|97|32|71|52|86|77|1|88|51|59|44|7|56|37|16|84|6|86|94|6|72|13|65|98|33|90|33|35|82|16|70|80|7|30|89|98|72|24|13|8|76|69|58|47|79|24|7|29|50|64|49|51|34|78|98|98|33|61|71|6|56|48|22|92|74|23|13|36|37|77|87|1|23|95|28|51|87|21|57|58|58|18|81|13|97|95
18|97|50|53|77|37|94|4|99|18|94|18|55|27|96|51|98|30|61|48|8|44|67|58|6|47|67|83|22|87|67|52|34|65|67|59|30|7|54|22|10|65|91|87|14|94|26|16|58|78|58|44|75|78|61|55|30|75|47|75|15|2|60|58|42|29|71|63|57|79|71|87|16|50|29|44|24|65|6|51|96|50|81|17|64|1|37|78|4|27|34|20|82|90|44|44|4|100|19|10|23|87|48|31|25|17|14|96|40|55|43|95|37|9|13|77|74|86|86|4|34|95|50|16|52|16|25|37|1|1|64|91|100|61|85|32|97|78|96|22|70|79|68|33|27|78|82|1|38|33
53|64|25|25|31|76|48|8|28|4|78|54|16|79|85|78|38|16|36|49|16|66|72|77|59|1|60|22|24|70|42|19|24|88|75|93|53|78|31|1|13|63|49|66|67|2|82|35|40|21|4|29|68|21|75|51|43|80|72|30|58|83|5|45|32|57|45|71|53|68|25|73|85|6|19|25|35|34|66|76|50|87|41|84|7|32|77|73|14|81|32|13|79|42|61|84|19|9|58|12|22|91|92|7|87|15|17|2|30|67|35|25|26|77|83|61|34|11|34|29|100|18|46|71|60|89|81|29|22|32|27|29|51|52|68|21|39|5|92|92|26|56|82|6|17|66|95|54|46|54
35|47|15|82|84|88|57|88|94|64|98|67|97|81|13|7|80|34|63|82|40|61|54|19|23|27|22|89|86|10|76|55|92|28|20|51|56|94|77|9|79|60|74|82|47|41|21|22|60|79|37|40|74|27|30|18|52|22|28|73|67|41|26|12|52|16|72|12|2|27|40|67|13|35|84|38|19|90|42|17|40|91|67|75|69|6|22|62|93|88|79|51|98|86|60|67|55|28|90|39|7|65|76|74|30|43|22|4|48|84|69|15|97|29|84|59|52|73|9|98|40|81|52|89|59|10|25|76|26|35|18|56|19|63|6|57|16|51|33|98|9|76|8|1|18|67|57|50|94|92